[gd_scene format=3 uid="uid://c1j0u208k8hun"]

[node name="LocationCameras" type="Control" unique_id=2122730447]
layout_mode = 3
anchors_preset = 0
offset_right = 40.0
offset_bottom = 40.0

[node name="farm_windmill" type="Camera3D" parent="." unique_id=1245062115]
transform = Transform3D(0.30901673, 0.44649425, 0.83973306, 0, 0.8829475, -0.46947178, -0.9510566, 0.14507464, 0.27284557, -2.6477718, -2.0680003, 6.229522)

[node name="farm_house" type="Camera3D" parent="." unique_id=1168980877]
transform = Transform3D(0.104526885, 0.73029995, 0.67508227, 0, 0.6788007, -0.73432255, -0.99452204, 0.07675645, 0.07095292, -3.089222, -2.6023521, 4.5531697)

[node name="farm_pond" type="Camera3D" parent="." unique_id=553401430]
transform = Transform3D(0.11753752, 0.28204593, 0.9521739, 0, 0.95882, -0.28401458, -0.99306846, 0.03338237, 0.112697326, -2.0903797, -2.860907, 1.3004106)
visible = false

[node name="cave_entrance" type="Camera3D" parent="." unique_id=367372146]
transform = Transform3D(0.13484588, 0.5934921, 0.7934632, 0, 0.80077696, -0.59896266, -0.9908666, 0.08076765, 0.10798147, 0.6488304, -7.3177304, 3.105158)

[node name="cave_shrine" type="Camera3D" parent="." unique_id=2002006989]
transform = Transform3D(-0.0348997, 0.41444042, 0.9094071, 0, 0.9099614, -0.41469303, -0.99939084, -0.0144726625, -0.03175738, -1.8833933, -3.3738747, -2.8652887)

[node name="cave_interior" type="Camera3D" parent="." unique_id=1637508061]
transform = Transform3D(0.8115736, 0.18296593, 0.55486196, 0, 0.94969916, -0.31316367, -0.5842502, 0.25415537, 0.7707508, -1.9185915, -5.489797, 4.097971)

[node name="teahouse_exterior" type="Camera3D" parent="." unique_id=233576368]
transform = Transform3D(0.9575716, -0.028873852, -0.2867454, 0, 0.9949685, -0.100188434, 0.28819546, 0.0959376, 0.9527536, -0.6603279, 14.474445, 5.9991045)

[node name="teahouse_interior" type="Camera3D" parent="." unique_id=1052693694]
transform = Transform3D(0.6658809, -0.24289249, 0.7054118, 0, 0.9455187, 0.3255678, -0.74605805, -0.2167894, 0.62960285, 3.4499607, 14.179094, 1.6276803)

[node name="town_docks" type="Camera3D" parent="." unique_id=615670393]
transform = Transform3D(0.5075384, -0.40451038, 0.76077336, 0, 0.88294756, 0.46947157, -0.8616291, -0.23827484, 0.44812977, 8.608, -7.476, 5.0179996)

[node name="town_highstreet" type="Camera3D" parent="." unique_id=1940852869]
transform = Transform3D(0.46561375, -0.394249, 0.79232043, 0, 0.89528936, 0.4454851, -0.88498807, -0.20742399, 0.41685903, 8.774575, -5.9889283, 2.0844936)

[node name="town_festival" type="Camera3D" parent="." unique_id=1530660607]
transform = Transform3D(-0.8767273, 0.41010955, -0.25131541, 0, 0.5224985, 0.8526402, 0.48098782, 0.74753296, -0.45808867, 6.971136, -5.9820757, 0.86014366)

[node name="town_warehouse" type="Camera3D" parent="." unique_id=654005619]
transform = Transform3D(-0.16934954, -0.004300318, 0.98554665, 0, 0.99999046, 0.004363342, -0.98555607, 0.00073892996, -0.16934793, 4.7757435, -8.041828, 2.7336655)

[node name="ribbon" type="Camera3D" parent="." unique_id=826661762]
transform = Transform3D(0.5735769, -0.16331272, 0.80270696, 0, 0.9799247, 0.1993681, -0.8191517, -0.11435294, 0.5620622, 8.914329, -6.572899, 13.104167)

[node name="mountain_base" type="Camera3D" parent="." unique_id=344399956]
transform = Transform3D(-0.25594974, 0.9666898, 0.00076975813, 0.22636972, 0.060709845, -0.9721477, -0.939812, -0.24864669, -0.23436797, -4.293434, -1.9882451, -4.104409)

[node name="mountain_heights" type="Camera3D" parent="." unique_id=108581116]
transform = Transform3D(-0.005441627, 0.9999849, 0.0007962625, 0, 0.0007962743, -0.9999997, -0.9999852, -0.0054416256, -4.333028e-06, -2.753743, -1.5765228, -1.2169021)

[node name="mountain_valley" type="Camera3D" parent="." unique_id=1076267755]
transform = Transform3D(-0.20896642, 0.9779225, 0.00077869475, 0, 0.0007962743, -0.9999997, -0.9779228, -0.20896636, -0.00016639459, -1.9434198, 1.9221573, -1.426454)
